# shell, Barkas and Bloch correction tables -- G4EmCorrections
# extracted by tools/g4extract from the Geant4 11.1.1 source
TheK 20 1
0.64000000000000001
0.65000000000000002
0.66000000000000003
0.68000000000000005
0.69999999999999996
0.71999999999999997
0.73999999999999999
0.75
0.76000000000000001
0.78000000000000003
0.80000000000000004
0.81999999999999995
0.83999999999999997
0.84999999999999998
0.85999999999999999
0.88
0.90000000000000002
0.92000000000000004
0.93999999999999995
0.94999999999999996
TheL 26 1
0.23999999999999999
0.26000000000000001
0.28000000000000003
0.29999999999999999
0.32000000000000001
0.34000000000000002
0.34999999999999998
0.35999999999999999
0.38
0.40000000000000002
0.41999999999999998
0.44
0.45000000000000001
0.46000000000000002
0.47999999999999998
0.5
0.52000000000000002
0.54000000000000004
0.55000000000000004
0.56000000000000005
0.57999999999999996
0.59999999999999998
0.62
0.64000000000000001
0.65000000000000002
0.66000000000000003
SK 20 1
1.9477
1.9232
1.8996
1.855
1.8137000000000001
1.7754000000000001
1.7396
1.7222999999999999
1.7062999999999999
1.6752
1.6460999999999999
1.6189
1.5932999999999999
1.5810999999999999
1.5692999999999999
1.5467
1.5254000000000001
1.5053000000000001
1.4863
1.4772000000000001
TK 20 1
2.5222000000000002
2.5125000000000002
2.5026000000000002
2.4821
2.4607999999999999
2.4388000000000001
2.4163000000000001
2.4043999999999999
2.3933
2.3700999999999999
2.3466
2.3229000000000002
2.2991999999999999
2.2871999999999999
2.2753000000000001
2.2515000000000001
2.2277
2.2040000000000002
2.1804000000000001
2.1686000000000001
SL 26 1
15.334300000000001
13.9389
12.790900000000001
11.834300000000001
11.0283
10.3424
10.037100000000001
9.7537000000000003
9.2443000000000008
8.8004999999999995
8.4114000000000004
8.0683000000000007
7.9116999999999997
7.7641
7.4931000000000001
7.2506000000000004
7.0327000000000002
6.8361999999999998
6.7451999999999996
6.6584000000000003
6.4969000000000001
6.3498000000000001
6.2153999999999998
6.0922999999999998
6.0345000000000004
5.9791999999999996
TL 26 1
35.066899999999997
33.434399999999997
32.007300000000001
30.746600000000001
29.622599999999998
28.6128
28.1449
27.699100000000001
26.8674
26.106100000000001
25.405799999999999
24.758700000000001
24.453099999999999
24.158300000000001
23.5992
23.077100000000002
22.588000000000001
22.128499999999999
21.908999999999999
21.695799999999998
21.287199999999999
20.900600000000001
20.534099999999999
20.1859
20.0183
19.854600000000001
HM 53 1
12
12
12
12
11.9
11.699999999999999
11.5
11.199999999999999
10.800000000000001
10.4
10
9.5099999999999998
8.9700000000000006
8.5199999999999996
8.0299999999999994
7.46
6.9500000000000002
6.5300000000000002
6.1799999999999997
5.8700000000000001
5.6100000000000003
5.3899999999999997
5.1900000000000004
5.0099999999999998
4.8600000000000003
4.7199999999999998
4.6200000000000001
4.5300000000000002
4.4400000000000004
4.3799999999999999
4.3200000000000003
4.2599999999999998
4.2000000000000002
4.1500000000000004
4.0999999999999996
4.04
4
3.9500000000000002
3.9300000000000002
3.9100000000000001
3.8999999999999999
3.8900000000000001
3.8900000000000001
3.8799999999999999
3.8799999999999999
3.8799999999999999
3.8799999999999999
3.8799999999999999
3.8900000000000001
3.8900000000000001
3.8999999999999999
3.9199999999999999
3.9300000000000002
HN 31 1
75.5
61.899999999999999
52.200000000000003
45.100000000000001
39.600000000000001
35.399999999999999
31.899999999999999
29.100000000000001
27.199999999999999
25.800000000000001
24.5
23.600000000000001
22.699999999999999
22
21.399999999999999
20.899999999999999
20.5
20.199999999999999
19.899999999999999
19.699999999999999
19.5
19.300000000000001
19.199999999999999
19.100000000000001
18.399999999999999
18.800000000000001
18.699999999999999
18.600000000000001
18.5
18.399999999999999
18.199999999999999
fTable 47 2
0.02 21.5
0.029999999999999999 20
0.040000000000000001 18
0.050000000000000003 15.6
0.059999999999999998 15
0.070000000000000007 14
0.080000000000000002 13.5
0.089999999999999997 13
0.10000000000000001 12.199999999999999
0.20000000000000001 9.25
0.29999999999999999 7
0.40000000000000002 6
0.5 4.5
0.59999999999999998 3.5
0.69999999999999996 3
0.80000000000000004 2.5
0.90000000000000002 2
1 1.7
1.2 1.2
1.3 1
1.3999999999999999 0.85999999999999999
1.5 0.69999999999999996
1.6000000000000001 0.60999999999999999
1.7 0.52000000000000002
1.8 0.5
1.8999999999999999 0.42999999999999999
2 0.41999999999999998
2.1000000000000001 0.29999999999999999
2.3999999999999999 0.20000000000000001
3 0.13
3.0800000000000001 0.10000000000000001
3.1000000000000001 0.089999999999999997
3.2999999999999998 0.080000000000000002
3.5 0.070000000000000007
3.7999999999999998 0.059999999999999998
4 0.050999999999999997
4.0999999999999996 0.040000000000000001
4.7999999999999998 0.029999999999999999
5 0.024
5.0999999999999996 0.02
6 0.012999999999999999
6.5 0.01
7 0.0089999999999999993
7.0999999999999996 0.0080000000000000002
8 0.0060000000000000001
9 0.0032000000000000002
10 0.0025000000000000001
bk1 29 11
0.0050000000000000001 1.3478199999999999e-08 1.4613200000000001e-08 1.72179e-08 2.0352100000000001e-08 2.4137e-08 2.8724700000000001e-08 3.1377800000000001e-08 3.4307200000000002e-08 4.1127399999999997e-08 4.9494599999999999e-08
0.0070000000000000001 6.8755499999999997e-08 7.4437299999999996e-08 8.7439700000000004e-08 1.0302199999999999e-07 1.2176e-07 1.4436999999999999e-07 1.5739799999999999e-07 1.7174700000000001e-07 2.05023e-07 2.4562e-07
0.01 3.7841299999999999e-07 4.0883100000000002e-07 4.7815400000000003e-07 5.6076000000000005e-07 6.5947800000000002e-07 7.7784700000000002e-07 8.4570900000000005e-07 9.2018699999999995e-07 1.09192e-06 1.2998100000000001e-06
0.014999999999999999 2.5320000000000001e-06 2.7266400000000001e-06 3.1673799999999998e-06 3.6879100000000002e-06 4.3042299999999998e-06 5.0357799999999996e-06 5.4519999999999996e-06 5.9063300000000001e-06 6.9450100000000003e-06 8.1875700000000006e-06
0.02 9.4389099999999994e-06 1.01339e-05 1.16984e-05 1.35313e-05 1.5682899999999999e-05 1.8213799999999998e-05 1.96439e-05 2.1197300000000001e-05 2.4721600000000001e-05 2.88935e-05
0.029999999999999999 5.6708800000000002e-05 6.0557599999999998e-05 6.9131100000000006e-05 7.9032399999999999e-05 9.0483199999999995e-05 0.000103744 0.000111147 0.000119122 0.00013698000000000001 0.000157744
0.040000000000000001 0.000191576 0.00020362599999999999 0.00023023 0.00026058400000000001 0.00029524800000000002 0.00033487000000000002 0.00035677099999999998 0.00038020000000000003 0.000432104 0.00049158399999999999
0.050000000000000003 0.00047422600000000001 0.00050200600000000005 0.00056287199999999996 0.00063159700000000002 0.00070924400000000004 0.000797023 0.00084513399999999999 0.00089641000000000005 0.0010086699999999999 0.0011359
0.059999999999999998 0.00096728500000000002 0.0010202900000000001 0.0011356599999999999 0.00126476 0.0014692799999999999 0.00157113 0.0016592099999999999 0.0017524400000000001 0.0019556199999999999 0.0021833600000000001
0.080000000000000002 0.0028153700000000002 0.0029520000000000002 0.0032459899999999998 0.00357027 0.0039279299999999996 0.0043224600000000002 0.0045347299999999998 0.0047576800000000002 0.0052378499999999996 0.00576765
0.10000000000000001 0.0061421599999999998 0.0064086400000000002 0.0069775000000000002 0.00759781 0.0082742400000000004 0.00901187 0.0094053399999999999 0.0098162300000000004 0.0106934 0.0116498
0.14999999999999999 0.022309599999999999 0.023078999999999999 0.024697799999999999 0.026429999999999999 0.028283200000000001 0.030266100000000001 0.031308999999999997 0.032387800000000001 0.034658000000000001 0.037087299999999997
0.20000000000000001 0.050402200000000001 0.051849199999999998 0.054868199999999999 0.058061700000000001 0.061440300000000003 0.065015199999999995 0.066879800000000003 0.068798100000000001 0.072802000000000006 0.077040700000000004
0.29999999999999999 0.138018 0.14102600000000001 0.14724400000000001 0.15374299999999999 0.16053600000000001 0.16764100000000001 0.171315 0.17507400000000001 0.18285199999999999 0.190997
0.40000000000000002 0.25600099999999998 0.26057599999999997 0.26999200000000001 0.27977600000000002 0.28994599999999998 0.30052499999999999 0.30597400000000002 0.311533 0.322994 0.33493499999999998
0.5 0.392181 0.39821299999999998 0.41059699999999999 0.423427 0.436726 0.450519 0.45761000000000002 0.46483400000000002 0.47970000000000002 0.49514799999999998
0.59999999999999998 0.53791299999999997 0.54526799999999997 0.56035000000000001 0.57594800000000002 0.59209199999999995 0.60881099999999999 0.61739599999999994 0.62613600000000003 0.64410400000000001 0.66275200000000001
0.69999999999999996 0.68747000000000003 0.696021 0.71354300000000004 0.73165000000000002 0.75037299999999996 0.76974799999999999 0.77959100000000003 0.78981100000000004 0.81060200000000004 0.83216699999999999
0.80000000000000004 0.83715899999999999 0.84679000000000004 0.86652499999999999 0.88690999999999998 0.90797899999999998 0.92977200000000004 0.94095300000000004 0.95233100000000004 0.97570100000000004 0.99993399999999999
1 1.1285000000000001 1.14002 1.1636200000000001 1.1879900000000001 1.2131700000000001 1.2392099999999999 1.25257 1.26616 1.2940799999999999 1.3230299999999999
1.2 1.40232 1.4154500000000001 1.44232 1.47007 1.49875 1.5284199999999999 1.5436399999999999 1.5591299999999999 1.5909500000000001 1.6239600000000001
1.3999999999999999 1.65584 1.6703399999999999 1.70004 1.73072 1.76244 1.7952600000000001 1.8121 1.82925 1.8644799999999999 1.9010400000000001
1.5 1.7749600000000001 1.79009 1.82107 1.85307 1.8861699999999999 1.92042 1.9379999999999999 1.9559 1.9926900000000001 2.0308700000000002
1.7 1.9986299999999999 2.0148999999999999 2.0482200000000002 2.0826500000000001 2.1182699999999999 2.1555499999999999 2.1740900000000001 2.1933699999999998 2.2330199999999998 2.2741899999999999
2 2.29325 2.3109999999999999 2.3473799999999998 2.3850099999999999 2.42395 2.4642900000000001 2.4840100000000001 2.5061200000000001 2.54955 2.5946799999999999
3 3.08887 3.11036 3.1544500000000002 3.2001300000000001 3.2474799999999999 3.29664 3.32192 3.3477000000000001 3.4008099999999999 3.4561099999999998
5 4.07599 4.1021900000000002 4.1560600000000001 4.2119900000000001 4.2701000000000002 4.3305600000000002 4.36172 4.3935300000000002 4.4591799999999999 4.5277200000000004
7 4.6964699999999997 4.7257699999999998 4.7860800000000001 4.84877 4.9140199999999998 4.9820000000000002 5.0170700000000004 5.0529000000000002 5.1269499999999999 5.2043600000000003
10 5.3258999999999999 5.3584800000000001 5.4256000000000002 5.4954700000000001 5.5682999999999998 5.6442899999999998 5.6835300000000002 5.7236599999999997 5.8066599999999999 5.8935899999999997
bk2 29 11
0.0050000000000000001 5.9803999999999997e-08 7.2563600000000005e-08 8.0060200000000001e-08 8.8429399999999999e-08 1.08253e-07 1.33148e-07 1.64573e-07 2.0445899999999999e-07 2.28346e-07 2.5536999999999999e-07
0.0070000000000000001 2.9534499999999998e-07 3.5649700000000002e-07 3.9224700000000001e-07 4.32017e-07 5.2568799999999999e-07 6.4239100000000005e-07 7.8846400000000001e-07 9.7217100000000003e-07 1.0813999999999999e-06 1.20435e-06
0.01 1.5523200000000001e-06 1.8601100000000001e-06 2.0388100000000001e-06 2.23662e-06 2.6988899999999998e-06 3.2685999999999999e-06 3.2685999999999999e-06 4.8488199999999998e-06 5.3642799999999999e-06 5.9404799999999996e-06
0.014999999999999999 9.6780199999999992e-06 1.14707e-05 1.2500800000000001e-05 1.36329e-05 1.6248000000000001e-05 1.942e-05 2.32783e-05 2.7985000000000001e-05 3.07181e-05 3.3743199999999999e-05
0.02 3.38425e-05 3.9725899999999999e-05 4.30763e-05 4.6735099999999999e-05 5.5103299999999998e-05 6.5115400000000003e-05 7.7115399999999997e-05 9.1543099999999994e-05 9.9821200000000006e-05 0.000108909
0.029999999999999999 0.00018191999999999999 0.000210106 0.000225918 0.000243007 0.00028145999999999998 0.00032645800000000001 0.00037917499999999999 0.00044100600000000003 0.00047584500000000002 0.000513606
0.040000000000000001 0.00055980199999999998 0.000638103 0.00068151099999999999 0.00072804200000000003 0.000831425 0.00095034099999999995 0.0010872099999999999 0.00124485 0.00133245 0.0014265
0.050000000000000003 0.00128002 0.0014433600000000001 0.00153305 0.0016285500000000001 0.0018386100000000001 0.0020739600000000001 0.0023475000000000002 0.0026546899999999999 0.00282358 0.0030035800000000001
0.059999999999999998 0.0024287200000000001 0.0027250999999999998 0.0028811100000000001 0.0030463600000000001 0.0034068100000000001 0.00381132 0.0042653600000000002 0.0047750700000000002 0.0050529399999999997 0.0053473899999999996
0.080000000000000002 0.0063522199999999996 0.0069972999999999997 0.0073444599999999997 0.0077091599999999996 0.0084947800000000004 0.0093618699999999996 0.010318900000000001 0.011375400000000001 0.011944099999999999 0.012541699999999999
0.10000000000000001 0.0126929 0.0138803 0.0144371 0.015070699999999999 0.016423500000000001 0.017898899999999999 0.019508299999999999 0.021264000000000002 0.022200899999999999 0.023179499999999999
0.14999999999999999 0.039687199999999999 0.042469899999999998 0.043934000000000001 0.045448799999999998 0.048638300000000002 0.052054200000000002 0.055713499999999999 0.059635000000000001 0.0617003 0.063838900000000004
0.20000000000000001 0.081529000000000004 0.086282999999999999 0.088764999999999997 0.091319999999999998 0.096658900000000006 0.10231999999999999 0.10832600000000001 0.114701 0.118035 0.121472
0.29999999999999999 0.19952800000000001 0.20847099999999999 0.21310299999999999 0.21784800000000001 0.227689 0.23802200000000001 0.24888199999999999 0.26030399999999998 0.266239 0.27232899999999999
0.40000000000000002 0.347383 0.36036899999999999 0.36707299999999998 0.37392500000000001 0.38808900000000002 0.40289999999999998 0.418404 0.43464700000000001 0.44306299999999998 0.451685
0.5 0.51121399999999995 0.52793500000000004 0.53655399999999998 0.54535400000000001 0.56351499999999999 0.58247000000000004 0.60227299999999995 0.62298600000000004 0.63370499999999996 0.64467699999999994
0.59999999999999998 0.68212200000000001 0.70226 0.71263100000000001 0.72321400000000002 0.74504099999999995 0.76780000000000004 0.79155900000000001 0.81639099999999998 0.82923500000000006 0.84238000000000002
0.69999999999999996 0.85454399999999997 0.87781399999999998 0.889791 0.90200800000000003 0.92719799999999997 0.95345400000000002 0.98085599999999995 1.00949 1.0243 1.03945
0.80000000000000004 1.02508 1.05121 1.0646599999999999 1.0783799999999999 1.10667 1.13615 1.16692 1.1990700000000001 1.2157 1.23272
1 1.35307 1.38429 1.40036 1.41676 1.4505699999999999 1.4858199999999999 1.5226299999999999 1.56111 1.5810200000000001 1.6013999999999999
1.2 1.6582300000000001 1.6938500000000001 1.7121999999999999 1.73092 1.7695399999999999 1.80983 1.85192 1.8959600000000001 1.91876 1.94211
1.3999999999999999 1.93902 1.9785200000000001 1.9988699999999999 2.0196399999999999 2.0625100000000001 2.1072700000000002 2.1540599999999999 2.2030400000000001 2.2284199999999998 2.2544200000000001
1.5 2.0705499999999999 2.1118199999999998 2.1330900000000002 2.1547999999999998 2.19963 2.2464400000000002 2.2953899999999998 2.34666 2.37323 2.4004500000000002
1.7 2.3170000000000002 2.3615400000000002 2.3845100000000001 2.4079799999999998 2.45641 2.5070299999999999 2.5600000000000001 2.6155200000000001 2.6442999999999999 2.67381
2 2.6416200000000001 2.6905299999999999 2.71576 2.7415400000000001 2.79481 2.8505199999999999 2.9088699999999998 2.9700899999999999 3.0018500000000001 3.0344199999999999
3 3.51376 3.5739399999999999 3.6050300000000002 3.6368399999999999 3.70268 3.7717000000000001 3.8441800000000002 3.9203999999999999 3.9600300000000002 4.0007299999999999
5 4.5993500000000003 4.6743300000000003 4.7131600000000002 4.7529300000000001 4.8354299999999997 4.9221700000000004 5.0135300000000003 5.1099199999999998 5.1601400000000002 5.2118099999999998
7 5.2854200000000002 5.3704000000000001 5.4144500000000004 5.4596200000000001 5.5534400000000002 5.6522600000000001 5.7949599999999997 5.90517 5.9626900000000003 6.0219100000000001
10 5.9847400000000004 6.0804600000000004 6.1301500000000004 6.1811199999999999 6.2871499999999996 6.3990299999999998 6.5172800000000004 6.6424899999999996 6.7079199999999997 6.7753500000000004
bls1 28 10
0.0050000000000000001 0.00024111 0.00025611999999999998 0.00027201999999999999 0.00030657999999999998 0.00034510999999999998 0.00038795000000000002 0.00043542 0.00046099999999999998 0.00048786000000000001
0.0070000000000000001 0.00063946999999999995 0.00067058000000000005 0.00070295000000000004 0.00077167000000000002 0.00084592000000000001 0.00092604999999999999 0.0010124999999999999 0.0010583000000000001 0.0011058000000000001
0.01 0.0015468999999999999 0.0016035999999999999 0.0016622 0.0017856 0.0019181000000000001 0.0021614999999999998 0.0023178000000000001 0.0024019000000000002 0.0024903999999999998
0.014999999999999999 0.0037220999999999999 0.0038403999999999999 0.0039649999999999998 0.0042354000000000003 0.0045396000000000004 0.0048853000000000004 0.0052820000000000002 0.0055031000000000004 0.0057413999999999998
0.02 0.0069449000000000004 0.0071910000000000003 0.0074535000000000001 0.0080336000000000001 0.0086984000000000002 0.0094637999999999996 0.010348 0.010841 0.011372
0.029999999999999999 0.017410999999999999 0.018180000000000002 0.018997 0.020784 0.022797000000000001 0.025066000000000001 0.027622000000000001 0.029020000000000001 0.030502999999999999
0.040000000000000001 0.038474000000000001 0.040056000000000001 0.041717999999999998 0.0453 0.049253999999999999 0.053619 0.058436000000000002 0.061027999999999999 0.063752000000000003
0.050000000000000003 0.067371 0.069928000000000004 0.072595999999999994 0.078282000000000004 0.084470000000000003 0.091205999999999995 0.098538000000000001 0.10244 0.10652
0.059999999999999998 0.10417999999999999 0.10778 0.11151999999999999 0.11942999999999999 0.12795999999999999 0.13714999999999999 0.14706 0.15231 0.15776000000000001
0.080000000000000002 0.19647000000000001 0.20216999999999999 0.20805000000000001 0.22037999999999999 0.23351 0.24751000000000001 0.26244000000000001 0.27027000000000001 0.27837000000000001
0.10000000000000001 0.30593999999999999 0.31361 0.32150000000000001 0.33795999999999998 0.35537000000000002 0.37380999999999998 0.39335999999999999 0.40356999999999998 0.41410000000000002
0.14999999999999999 0.61411000000000004 0.62597000000000003 0.63810999999999996 0.6633 0.68974000000000002 0.71753 0.74678 0.76198999999999995 0.77761000000000002
0.20000000000000001 0.93100000000000005 0.95613999999999999 0.97162000000000004 1.0037 1.0371999999999999 1.0723 1.1092 1.1284000000000001 1.1479999999999999
0.29999999999999999 1.5172000000000001 1.5371999999999999 1.5576000000000001 1.5998000000000001 1.6437999999999999 1.6899 1.7382 1.7632000000000001 1.7888999999999999
0.40000000000000002 2.0173000000000001 2.0407999999999999 2.0647000000000002 2.1141999999999999 2.1659000000000002 2.2199 2.2765 2.3058999999999998 2.3359999999999999
0.5 2.3932000000000002 2.4192999999999998 2.4460000000000002 2.5011000000000001 2.5587 2.6190000000000002 2.6821000000000002 2.7147999999999999 2.7484000000000002
0.59999999999999998 2.7090999999999998 2.7374000000000001 2.7663000000000002 2.8260000000000001 2.8883999999999999 2.9538000000000002 3.0222000000000002 3.0577000000000001 3.0941000000000001
0.69999999999999996 2.9742000000000002 3.0044 3.0352000000000001 3.0988000000000002 3.1652 3.2349000000000001 3.3079000000000001 3.3456999999999999 3.3845000000000001
0.80000000000000004 3.2222 3.2538999999999998 3.2863000000000002 3.3532000000000002 3.4232 3.4965000000000002 3.5733999999999999 3.6133000000000002 3.6541999999999999
1 3.669 3.7033 3.7383999999999999 3.8108 3.8866000000000001 3.9661 4.0495000000000001 4.0928000000000004 4.1371000000000002
1.2 3.9819 4.0183 4.0555000000000003 4.1323999999999996 4.2130000000000001 4.2973999999999997 4.3860999999999999 4.4321000000000002 4.4794
1.3999999999999999 4.2744999999999997 4.3127000000000004 4.3517000000000001 4.4324000000000003 4.5170000000000003 4.6055999999999999 4.6988000000000003 4.7470999999999997 4.7968000000000002
1.5 4.4047000000000001 4.4436 4.4833999999999996 4.5658000000000003 4.6520999999999999 4.7426000000000004 4.8377999999999997 4.8872 4.9379
1.7 4.6383000000000001 4.6787000000000001 4.7199999999999998 4.8053999999999997 4.8948999999999998 4.9888000000000003 5.0876000000000001 5.1387999999999998 5.1914999999999996
2 4.9368999999999996 4.9790999999999999 5.0223000000000004 5.1116000000000001 5.2053000000000003 5.3036000000000003 5.407 5.4607000000000001 5.5159000000000002
3 5.6513999999999998 5.6981000000000002 5.7458999999999998 5.8449999999999998 5.9489000000000001 6.0580999999999996 6.173 6.2328000000000001 6.2942999999999998
5 6.4664999999999999 6.5189000000000004 6.5724 6.6835000000000004 6.8003 6.9230999999999998 7.0525000000000002 7.1199000000000003 7.1891999999999996
7 6.8634000000000004 6.9194000000000004 6.9767000000000001 7.0956999999999999 7.2207999999999997 7.3525999999999998 7.4915000000000003 7.5639000000000003 7.6383999999999999
bls2 28 10
0.0050000000000000001 0.00054560999999999998 0.00060904999999999998 0.00067863000000000005 0.00075493999999999995 0.00079586999999999995 0.00083883000000000004 0.00093159999999999998 0.0010352 0.0011529000000000001
0.0070000000000000001 0.0012068000000000001 0.001317 0.0014377000000000001 0.0015719 0.0016451 0.0017231 0.0018969 0.0021009000000000002 0.0023459000000000002
0.01 0.0026832000000000002 0.0029017000000000001 0.0031534000000000002 0.0034478999999999998 0.0036148999999999999 0.0037975999999999999 0.0042186999999999997 0.0047320000000000001 0.0053635999999999996
0.014999999999999999 0.0062775000000000001 0.0069077000000000001 0.0076524999999999996 0.085370000000000001 0.0090407000000000005 0.0095910000000000006 0.01085 0.012357999999999999 0.014165000000000001
0.02 0.012560999999999999 0.013943000000000001 0.015553000000000001 0.017326999999999999 0.018478000000000001 0.019612000000000001 0.022159999999999999 0.02513 0.028594000000000001
0.029999999999999999 0.033750000000000002 0.037470000000000003 0.041528000000000002 0.046170000000000003 0.048708000000000001 0.051401000000000002 0.057297000000000001 0.063943 0.071441000000000004
0.040000000000000001 0.069619 0.076097999999999999 0.083249000000000004 0.091149999999999995 0.095406000000000005 0.099880999999999998 0.10954 0.12023 0.13208
0.050000000000000003 0.11522 0.12470000000000001 0.13503999999999999 0.14632000000000001 0.15234 0.15864 0.17211000000000001 0.18686 0.20304
0.059999999999999998 0.16930999999999999 0.18179000000000001 0.1953 0.20991000000000001 0.21767 0.22575999999999999 0.24295 0.26164999999999999 0.28200999999999998
0.080000000000000002 0.2954 0.31361 0.33312000000000003 0.35403000000000001 0.36506 0.3765 0.40067000000000003 0.42673 0.45488000000000001
0.10000000000000001 0.43613000000000002 0.45956000000000002 0.48520000000000002 0.51114999999999999 0.52514000000000005 0.53961000000000003 0.57008000000000003 0.60277000000000003 0.63793
0.14999999999999999 0.81013999999999997 0.84453 0.88092999999999999 0.91954000000000002 0.93972999999999995 0.96055999999999997 1.0043 1.0508999999999999 1.1008
0.20000000000000001 1.1888000000000001 1.2319 1.2774000000000001 1.3254999999999999 1.3506 1.3765000000000001 1.4308000000000001 1.4885999999999999 1.5504
0.29999999999999999 1.8422000000000001 1.8983000000000001 1.9575 2.0200999999999998 2.0528 2.0863999999999998 2.1568999999999998 2.2319 2.3119999999999998
0.40000000000000002 2.3984000000000001 2.4641999999999999 2.5335999999999999 2.6070000000000002 2.6452 2.6846999999999999 2.7673999999999999 2.8553999999999999 2.9493999999999998
0.5 2.8180999999999998 2.8915000000000002 2.9689999999999999 3.0508999999999999 3.0937000000000001 3.1377999999999999 3.2301000000000002 3.3285 3.4337
0.59999999999999998 3.1698 3.2494000000000001 3.3336000000000001 3.4226000000000001 3.4691000000000001 3.5171000000000001 3.6175000000000002 3.7246000000000001 3.8391000000000002
0.69999999999999996 3.4651999999999998 3.5501999999999998 3.6400000000000001 3.7351000000000001 3.7848000000000002 3.8359999999999999 3.9432999999999998 4.0578000000000003 4.1803999999999997
0.80000000000000004 3.7391999999999999 3.8289 3.9236 4.0239000000000003 4.0763999999999996 4.1303999999999998 4.2438000000000002 4.3647999999999998 4.4943999999999997
1 4.2294999999999998 4.3269000000000002 4.4298999999999999 4.5391000000000004 4.5961999999999996 4.6551 4.7786 4.9105999999999996 5.0519999999999996
1.2 4.5777000000000001 4.6814 4.7911999999999999 4.9076000000000004 4.9684999999999997 5.0313999999999997 5.1632999999999996 5.3042999999999996 5.4554999999999998
1.3999999999999999 4.9001000000000001 5.0091999999999999 5.1246999999999998 5.2473000000000001 5.3113999999999999 5.3776000000000002 5.5166000000000004 5.6653000000000002 5.8249000000000004
1.5 5.0434000000000001 5.1550000000000002 5.2731000000000003 5.3983999999999996 5.4640000000000004 5.5316999999999998 5.6738999999999997 5.8259999999999996 5.9893000000000001
1.7 5.3010999999999999 5.4169999999999998 5.5397999999999996 5.6700999999999997 5.7373000000000003 5.8087999999999997 5.9568000000000003 6.1151999999999997 6.2853000000000003
2 5.6307999999999998 5.7523 5.8811 6.0174000000000003 6.0895999999999999 6.1635999999999997 6.3192000000000004 6.4856999999999996 6.6646999999999998
3 6.4223999999999997 6.5579999999999998 6.7019000000000002 6.8548999999999998 6.9351000000000003 7.0179999999999998 7.1924999999999999 7.3795000000000002 7.5808
5 7.3338000000000001 7.4871999999999996 7.6500000000000004 7.8235000000000001 7.9146000000000001 8.0086999999999993 8.2071000000000005 8.4199999999999999 8.6495999999999995
7 7.7938000000000001 7.9588000000000001 8.1341999999999999 8.3210999999999995 8.4192999999999998 8.5208999999999993 8.7349999999999994 8.9650999999999996 9.2133000000000003
bls3 28 9
0.0050000000000000001 0.0012895000000000001 0.0013669999999999999 0.0014524 0.0016524 0.0019078000000000001 0.0022414000000000002 0.0026889000000000001 0.0033005999999999999
0.0070000000000000001 0.0026467000000000001 0.0028241999999999998 0.0030238000000000001 0.0035044999999999998 0.0041260000000000003 0.0049376000000000003 0.0060049999999999999 0.0074152000000000003
0.01 0.0061472000000000002 0.0066086000000000001 0.0071246 0.0083490999999999999 0.0098870999999999994 0.011821999999999999 0.014260999999999999 0.017335
0.014999999999999999 0.016331600000000002 0.017572000000000001 0.018932000000000001 0.022053 0.025803 0.030308000000000002 0.035728000000000003 0.042257999999999997
0.02 0.032634000000000003 0.0349 0.037347999999999999 0.042849999999999999 0.049278000000000002 0.056798000000000001 0.065610000000000002 0.075963000000000003
0.029999999999999999 0.079907000000000006 0.084543999999999994 0.089485999999999996 0.10032000000000001 0.11260000000000001 0.12656000000000001 0.14248 0.16070999999999999
0.040000000000000001 0.14523 0.15237000000000001 0.15984999999999999 0.17613999999999999 0.19434000000000001 0.21473 0.23766000000000001 0.26357000000000003
0.050000000000000003 0.22081999999999999 0.23036000000000001 0.24038000000000001 0.26199 0.28589999999999999 0.31247999999999998 0.34211999999999998 0.37536000000000003
0.059999999999999998 0.30423 0.31611 0.32854 0.35521999999999998 0.38458999999999999 0.41704000000000002 0.45306000000000002 0.49325999999999998
0.080000000000000002 0.48536000000000001 0.50156000000000001 0.51846000000000003 0.55452999999999997 0.59397 0.63727999999999996 0.68506999999999996 0.73809999999999998
0.10000000000000001 0.67586000000000002 0.69596000000000002 0.71687999999999996 0.76141000000000003 0.80991999999999997 0.86301000000000005 0.92142000000000002 0.98604000000000003
0.14999999999999999 1.1544000000000001 1.1828000000000001 1.2121999999999999 1.2746 1.3424 1.4162999999999999 1.4974000000000001 1.5868
0.20000000000000001 1.6167 1.6516999999999999 1.6879999999999999 1.7649999999999999 1.8484 1.9394 2.0390000000000001 2.1488999999999998
0.29999999999999999 2.3978999999999999 2.4432 2.4902000000000002 2.5899000000000001 2.698 2.8159000000000001 2.9451000000000001 3.0876000000000001
0.40000000000000002 3.0501999999999998 3.1034000000000002 3.1585999999999999 3.2757999999999998 3.403 3.5415999999999999 3.6938 3.8620000000000001
0.5 3.5466000000000002 3.6061999999999999 3.6680999999999999 3.7993999999999999 3.9420999999999999 4.0978000000000003 4.2687999999999997 4.4580000000000002
0.59999999999999998 3.9620000000000002 4.0270000000000001 4.0945 4.2378 4.3935000000000004 4.5636000000000001 4.7506000000000004 4.9576000000000002
0.69999999999999996 4.3019999999999996 4.3715000000000002 4.4438000000000004 4.5974000000000004 4.7644000000000002 4.9470000000000001 5.1478000000000002 5.3703000000000003
0.80000000000000004 4.6336000000000004 4.7072000000000003 4.7836999999999996 4.9462999999999999 5.1233000000000004 5.3169000000000004 5.5300000000000002 5.7660999999999998
1 5.2041000000000004 5.2845000000000004 5.3681999999999999 5.5461999999999998 5.7400000000000002 5.9523000000000001 6.1863000000000001 6.4458000000000002
1.2 5.6181999999999999 5.7043999999999997 5.7939999999999996 5.9847999999999999 6.1927000000000003 6.4206000000000003 6.6718999999999999 6.9509999999999996
1.3999999999999999 5.9966999999999997 6.0876000000000001 6.1822999999999997 6.3838999999999997 6.6037999999999997 6.8451000000000004 7.1113 7.4070999999999998
1.5 6.1651999999999996 6.2583000000000002 6.3552999999999997 6.5617999999999999 6.7870999999999997 7.0343999999999998 7.3072999999999997 7.6106999999999996
1.7 6.4686000000000003 6.5656999999999996 6.6668000000000003 6.8822999999999999 7.1174999999999997 7.3757000000000001 7.6608999999999998 7.9782000000000002
2 6.8577000000000004 6.96 7.0666000000000002 7.2937000000000003 7.5418000000000003 7.8143000000000002 8.1156000000000006 8.4510000000000005
3 7.7980999999999998 7.9134000000000002 8.0335999999999999 8.2901000000000007 8.5708000000000002 8.8795999999999999 9.2213999999999992 9.6027000000000005
5 8.8978000000000002 9.0297000000000001 9.1672999999999991 9.4611999999999998 9.7834000000000003 10.138400000000001 10.532299999999999 10.972200000000001
7 9.4818999999999996 9.6248000000000005 9.7738999999999994 10.092599999999999 10.442299999999999 10.828200000000001 11.256500000000001 11.7356
bll1 28 10
0.0050000000000000001 3.6324e-05 4.0608999999999997e-05 4.5429999999999997e-05 5.6969000000000003e-05 7.1625000000000006e-05 9.0278999999999994e-05 0.00011407 0.00012834000000000001 0.00014447
0.0070000000000000001 0.00018110000000000001 0.00020001 0.00022099000000000001 0.00027006000000000003 0.00033049000000000002 0.00040497999999999999 0.00049688 0.00055060999999999999 0.00061032000000000002
0.01 0.00086523999999999998 0.00094222999999999996 0.0010261999999999999 0.0012178 0.0014459 0.0017174 0.0020405000000000002 0.0022244999999999999 0.0024252000000000002
0.014999999999999999 0.0042293000000000001 0.0045313999999999997 0.0048551000000000002 0.0055731000000000001 0.0063968000000000002 0.0073413999999999997 0.0084241999999999997 0.0090235999999999997 0.0096652000000000005
0.02 0.011485 0.012172000000000001 0.0129 0.014486000000000001 0.016264000000000001 0.018256000000000001 0.020486999999999998 0.021701999999999999 0.022988999999999999
0.029999999999999999 0.039470999999999999 0.041270000000000001 0.043149 0.047162999999999997 0.051542999999999999 0.056423000000000001 0.061539999999999997 0.064325999999999994 0.067237000000000005
0.040000000000000001 0.084454000000000001 0.087598999999999996 0.090859999999999996 0.097747000000000001 0.10516 0.11312999999999999 0.12171 0.12625 0.13095999999999999
0.050000000000000003 0.14338999999999999 0.14795 0.15265999999999999 0.16253000000000001 0.17305999999999999 0.18429999999999999 0.1963 0.20261000000000001 0.20924000000000001
0.059999999999999998 0.21304000000000001 0.21898999999999999 0.22511999999999999 0.23794000000000001 0.25152999999999998 0.26595999999999997 0.28129999999999999 0.28933999999999999 0.29763000000000001
0.080000000000000002 0.37381999999999999 0.38241000000000003 0.39122000000000001 0.40955000000000003 0.42887999999999998 0.44928000000000001 0.47086 0.48211999999999999 0.49370999999999998
0.10000000000000001 0.55056000000000005 0.56150999999999995 0.57272999999999996 0.59601000000000004 0.62048999999999999 0.64627000000000001 0.67345999999999995 0.68762000000000001 0.70218000000000003
0.14999999999999999 1.0065999999999999 1.0224 1.0386 1.0721000000000001 1.1073 1.1443000000000001 1.1832 1.2035 1.2242999999999999
0.20000000000000001 1.4376 1.4572000000000001 1.4773000000000001 1.5187999999999999 1.5624 1.6083000000000001 1.6566000000000001 1.6817 1.7076
0.29999999999999999 2.1711999999999998 2.1964000000000001 2.2223000000000002 2.2757999999999998 2.3321999999999998 2.3915000000000002 2.4542000000000002 2.4868999999999999 2.5205000000000002
0.40000000000000002 2.75 2.7793000000000001 2.8094000000000001 2.8719000000000001 2.9377 3.0072000000000001 3.0807000000000002 3.1192000000000002 3.1587000000000001
0.5 3.2033 3.2359 3.2692999999999999 3.3389000000000002 3.4121999999999999 3.4897999999999998 3.5720999999999998 3.6151 3.6595
0.59999999999999998 3.6038000000000001 3.6391 3.6753 3.7505999999999999 3.8302999999999998 3.9146000000000001 4.0042 4.0510999999999999 4.0994999999999999
0.69999999999999996 3.9106000000000001 3.9481999999999999 3.9866999999999999 4.0670000000000002 4.1520000000000001 4.2420999999999998 4.3380000000000001 4.3882000000000003 4.4401000000000002
0.80000000000000004 4.1790000000000003 4.2184999999999997 4.2590000000000003 4.3437000000000001 4.4333 4.5285000000000002 4.6298000000000004 4.6829999999999998 4.7380000000000004
1 4.6344000000000003 4.6772 4.7211999999999996 4.8131000000000004 4.9105999999999996 5.0144000000000002 5.125 5.1830999999999996 5.2431999999999999
1.2 4.9786999999999999 5.0242000000000004 5.0711000000000004 5.1688999999999998 5.2728999999999999 5.3837000000000002 5.5049999999999999 5.5641999999999996 5.6287000000000003
1.3999999999999999 5.2687999999999997 5.3166000000000002 5.3658000000000001 5.4687000000000001 5.5781999999999998 5.6950000000000003 5.8197999999999999 5.8855000000000004 5.9554
1.5 5.3966000000000003 5.4454000000000002 5.4957000000000003 5.6009000000000002 5.7127999999999997 5.8323 5.9600999999999997 6.0274000000000001 6.0972
1.7 5.6254999999999997 5.6761999999999997 5.7283999999999997 5.8376999999999999 5.9541000000000004 6.0785 6.2115999999999998 6.2817999999999996 6.3545999999999996
2 5.9169999999999998 5.9701000000000004 6.0247999999999999 6.1395 6.2618 6.3925000000000001 6.5327000000000002 6.6066000000000003 6.6833
3 6.6210000000000004 6.6801000000000004 6.7411000000000003 6.8692000000000002 7.0061999999999998 7.1528999999999998 7.3106999999999998 7.3940999999999999 7.4806999999999997
5 7.4619999999999997 7.5288000000000004 7.5976999999999997 7.7427999999999999 7.8982000000000001 8.0653000000000006 8.2454000000000001 8.3408999999999995 8.4402000000000008
7 7.7362000000000002 7.8079000000000001 7.8821000000000003 8.0382999999999996 8.2060999999999993 8.3865999999999996 8.5815999999999999 8.6850000000000005 8.7927
bll2 28 10
0.0050000000000000001 0.00018338999999999999 0.00023330000000000001 0.00029737999999999998 0.00037976999999999998 0.00042945 0.00048581999999999998 0.00062244000000000004 0.00079858000000000001 0.0010258000000000001
0.0070000000000000001 0.00075042000000000001 0.00092354999999999998 0.0011375000000000001 0.0014021000000000001 0.001557 0.0017292 0.0021335 0.0026335 0.0032515
0.01 0.0028828999999999999 0.0034275 0.0040758000000000001 0.0048456999999999997 0.0052839000000000002 0.0057616999999999998 0.0068504000000000004 0.0081442000000000007 0.0096816000000000003
0.014999999999999999 0.011087 0.012716 0.014581 0.016716999999999999 0.017898000000000001 0.019162999999999999 0.021964000000000001 0.025173000000000001 0.028851000000000002
0.02 0.025786 0.028922 0.032434999999999999 0.036371000000000001 0.038514 0.040784000000000001 0.045733000000000003 0.051288 0.057530999999999999
0.029999999999999999 0.073460999999999999 0.080264000000000002 0.087705000000000005 0.095852000000000007 0.10020999999999999 0.10478 0.11458 0.12534999999999999 0.13721
0.040000000000000001 0.14094000000000001 0.15171999999999999 0.16336000000000001 0.17596000000000001 0.18265000000000001 0.18962000000000001 0.20444999999999999 0.22058 0.23818
0.050000000000000003 0.22289 0.23762 0.25344 0.27045000000000002 0.27944000000000002 0.28877000000000003 0.30854999999999999 0.32995000000000002 0.35317999999999999
0.059999999999999998 0.31502999999999998 0.33361000000000002 0.35346 0.37473000000000001 0.38594000000000001 0.39756000000000002 0.42212 0.44861000000000001 0.47727000000000003
0.080000000000000002 0.51793 0.54368000000000005 0.57108999999999999 0.60031999999999996 0.61568999999999996 0.63158999999999998 0.66512000000000004 0.70118999999999998 0.74012
0.10000000000000001 0.73258000000000001 0.76480999999999999 0.79906999999999995 0.83555999999999997 0.85472000000000004 0.87453999999999998 0.9163 0.96118999999999999 1.0096000000000001
0.14999999999999999 1.2677 1.3137000000000001 1.3626 1.4147000000000001 1.4420999999999999 1.4702999999999999 1.53 1.5942000000000001 1.6636
0.20000000000000001 1.7615000000000001 1.8188 1.8796999999999999 1.9446000000000001 1.9787999999999999 2.0142000000000002 2.0889000000000002 2.1694 2.2566999999999999
0.29999999999999999 2.5909 2.6657999999999999 2.7456999999999998 2.8311999999999999 2.8761999999999999 2.9230999999999998 3.0222000000000002 3.1295000000000002 3.2463000000000002
0.40000000000000002 3.2416999999999998 3.3302 3.4249000000000001 3.5266000000000002 3.5802999999999998 3.6360999999999999 3.7545999999999999 3.8835000000000002 4.0242000000000004
0.5 3.7526999999999999 3.8523000000000001 3.9590999999999998 4.0740999999999996 4.1349999999999998 4.1982999999999997 4.3330000000000002 4.4798999999999998 4.6407999999999996
0.59999999999999998 4.2012999999999998 4.3102999999999998 4.4273999999999996 4.5537000000000001 4.6205999999999996 4.6904000000000003 4.8390000000000004 5.0012999999999996 5.1795999999999998
0.69999999999999996 4.5492999999999997 4.6664000000000003 4.7925000000000004 4.9286000000000003 5.0008999999999997 5.0762 5.2370000000000001 5.4128999999999996 5.6066000000000003
0.80000000000000004 4.8536999999999999 4.9779999999999998 5.1119000000000003 5.2568000000000001 5.3338000000000001 5.4141000000000004 5.5857000000000001 5.7737999999999996 5.9810999999999996
1 5.3700999999999999 5.5065999999999997 5.6539999999999999 5.8137999999999996 5.8989000000000003 5.9878 6.1779999999999999 6.3869999999999996 6.6178999999999997
1.2 5.7648000000000001 5.9114000000000004 6.0701000000000001 6.2423999999999999 6.3342999999999998 6.4302999999999999 6.6360999999999999 6.8625999999999996 7.1136999999999997
1.3999999999999999 6.0975999999999999 6.2530000000000001 6.4214000000000002 6.6044 6.7020999999999997 6.8042999999999996 7.0236999999999998 7.2655000000000003 7.5338000000000003
1.5 6.2446999999999999 6.4040999999999997 6.5768000000000004 6.7647000000000004 6.8650000000000002 6.9699999999999998 7.1954000000000002 7.4442000000000004 7.7202999999999999
1.7 6.5087000000000002 6.6752000000000002 6.8558000000000003 7.0526 7.1577999999999999 7.2679 7.5045000000000002 7.766 8.0564999999999998
2 6.8457999999999997 7.0217999999999998 7.2129000000000003 7.4212999999999996 7.5327999999999999 7.6496000000000004 7.9009999999999998 8.1791 8.4885999999999999
3 7.6646999999999998 7.8643999999999998 8.0818999999999992 8.3188999999999993 8.4474999999999998 8.5814000000000004 8.8702000000000005 9.1907999999999994 9.5488
5 8.6515000000000004 8.8816000000000006 9.1329999999999991 9.4090000000000007 9.5571999999999999 9.7132000000000005 10.0504 10.4259 10.8466
7 9.0221 9.2723999999999993 9.5464000000000002 9.8476999999999997 10.0099 10.1805 10.549899999999999 10.962199999999999 11.425000000000001
bll3 28 9
0.0050000000000000001 0.0013190000000000001 0.0014961 0.0016974 0.0021857999999999999 0.0028162999999999999 0.0036302000000000001 0.0046813999999999996 0.0060394999999999997
0.0070000000000000001 0.0040157999999999999 0.0044622999999999998 0.0049592000000000004 0.0061257000000000004 0.0075674999999999996 0.0093501999999999995 0.011556 0.014290000000000001
0.01 0.011509 0.012548 0.013681 0.016263 0.019335999999999999 0.022998999999999999 0.027369999999999998 0.032603
0.014999999999999999 0.033070000000000002 0.035408000000000002 0.037914000000000003 0.043483000000000001 0.049897999999999998 0.057304000000000001 0.065883999999999998 0.075860999999999998
0.02 0.064555000000000001 0.068393999999999996 0.072471999999999995 0.081412999999999999 0.091538999999999995 0.10304000000000001 0.11617 0.13120999999999999
0.029999999999999999 0.15029999999999999 0.15101000000000001 0.15844 0.17451 0.19244 0.21243999999999999 0.23496 0.26044
0.040000000000000001 0.25742999999999999 0.26773999999999998 0.27855000000000002 0.30180000000000001 0.32751000000000002 0.35608000000000001 0.38802999999999999 0.42401
0.050000000000000003 0.37846000000000002 0.39195000000000002 0.40606999999999999 0.43635000000000002 0.46972999999999998 0.50671999999999995 0.54798000000000002 0.59436
0.059999999999999998 0.50839000000000001 0.52497000000000005 0.5423 0.57943 0.62028000000000005 0.66549000000000003 0.71589000000000003 0.77251999999999998
0.080000000000000002 0.7823 0.80474000000000001 0.82818000000000003 0.87836000000000003 0.93354999999999999 0.99461999999999995 1.0627 1.1394
0.10000000000000001 1.0621 1.0900000000000001 1.1192 1.1816 1.2503 1.3265 1.4116 1.5076000000000001
0.14999999999999999 1.7388999999999999 1.7789999999999999 1.821 1.9112 2.0108000000000001 2.1217000000000001 2.2462 2.3875999999999999
0.20000000000000001 2.3515999999999999 2.4024000000000001 2.4556 2.5701000000000001 2.6970999999999998 2.8391000000000002 2.9994000000000001 3.1821999999999999
0.29999999999999999 3.3740999999999999 3.4426999999999999 3.5148000000000001 3.6705999999999999 3.8445 4.0404 4.2630999999999997 4.5193000000000003
0.40000000000000002 4.1787999999999998 4.2619999999999996 4.3495999999999997 4.5397999999999996 4.7530000000000001 4.9943999999999997 5.2702999999999998 5.5895000000000001
0.5 4.8179999999999996 4.9137000000000004 5.0145999999999997 5.2340999999999998 5.4810999999999996 5.7618 6.0839999999999996 6.4583000000000004
0.59999999999999998 5.3765000000000001 5.4829999999999997 5.5953999999999997 5.8406000000000002 6.1173000000000002 6.4325999999999999 6.7957999999999998 7.2191000000000001
0.69999999999999996 5.8208000000000002 5.9368999999999996 6.0595999999999997 6.3274999999999997 6.6306000000000003 6.9768999999999997 7.3766999999999996 7.8440000000000003
0.80000000000000004 6.2108999999999996 6.3354999999999997 6.4673999999999996 6.7557999999999998 7.0827 7.4569999999999999 7.8899999999999997 8.3971999999999998
1 6.8746999999999998 7.0141999999999998 7.1620999999999997 7.4861000000000004 7.8545999999999996 8.2777999999999992 8.7690000000000001 9.3463999999999992
1.2 7.3933 7.5453999999999999 7.7068000000000003 8.0611999999999995 8.4651999999999994 8.9301999999999992 9.4712999999999994 10.109
1.3999999999999999 7.8331 7.9966999999999997 8.1693999999999996 8.5502000000000002 8.9850999999999992 9.4865999999999993 10.071300000000001 10.761900000000001
1.5 8.0286000000000008 8.1966999999999999 8.3752999999999993 8.7681000000000004 9.2180999999999997 9.7352000000000007 10.3399 11.054600000000001
1.7 8.3812999999999995 8.5585000000000004 8.7469000000000001 9.1617999999999995 9.6366999999999994 10.185600000000001 10.827 11.5863
2 8.8352000000000004 9.0244999999999997 9.2260000000000009 9.6700999999999997 10.1793 10.768800000000001 11.459 12.2775
3 9.9511000000000003 10.1714 10.4062 10.9254 11.5229 12.2172 13.033200000000001 14.004799999999999
5 11.321099999999999 11.581799999999999 11.860099999999999 12.4771 13.1898 14.0213 15.0024 16.1752
7 11.948 12.2357 12.543200000000001 13.226000000000001 14.016400000000001 14.9404 16.033000000000001 17.341999999999999
xzk 34 1
11.771100000000001
13.366899999999999
15.5762
17.171500000000002
18.7667
20.8523
23.060600000000001
24.901
26.9861
29.439399999999999
31.77
34.345700000000001
37.411900000000003
40.355499999999999
42.317700000000002
44.770499999999998
47.223399999999998
50.780000000000001
53.845799999999997
56.421399999999998
58.383400000000002
60.958599999999997
63.656700000000001
66.599800000000002
68.807000000000002
71.872799999999998
74.570599999999999
77.391099999999994
81.805599999999998
85.729699999999994
89.898799999999994
93.454899999999995
96.275300000000001
99.709000000000003
yzk 34 1
0.70662999999999998
0.72033000000000003
0.73651
0.74646999999999997
0.75517999999999996
0.76388
0.77258000000000004
0.78129000000000004
0.78625
0.79369999999999996
0.79991000000000001
0.80610999999999999
0.81230000000000002
0.81850000000000001
0.82096999999999998
0.82467000000000001
0.82838000000000001
0.83457000000000003
0.83701999999999999
0.84197999999999995
0.84319999999999995
0.84565000000000001
0.84936
0.85180999999999996
0.85302999999999995
0.85548000000000002
0.85794000000000004
0.86040000000000005
0.86282999999999999
0.86526999999999998
0.86646000000000001
0.86890999999999996
0.87011000000000005
0.87380999999999998
xzl 36 1
15.510199999999999
16.7347
17.959199999999999
19.550999999999998
21.020399999999999
22.612200000000001
24.938800000000001
27.387799999999999
29.591799999999999
31.306100000000001
32.898000000000003
34.489800000000002
36.204099999999997
38.408200000000001
40.367400000000004
42.571399999999997
44.898000000000003
47.4694
49.918399999999998
52.734699999999997
55.918399999999998
59.346899999999998
61.918399999999998
64.612200000000001
67.428600000000003
71.469399999999993
75.265299999999996
78.326499999999996
81.265299999999996
85.551000000000002
88.734700000000004
91.551000000000002
94.244900000000001
96.448999999999998
98.408199999999994
99.755099999999999
yzl 36 1
0.29875000000000002
0.31746000000000002
0.33367999999999998
0.35238999999999998
0.36985000000000001
0.38732
0.41102
0.43472
0.45343
0.46589999999999998
0.47713
0.48959999999999998
0.50083
0.51331000000000004
0.52327999999999997
0.53076999999999996
0.54074999999999995
0.54823
0.55571999999999999
0.56445000000000001
0.57193000000000005
0.58191000000000004
0.58689999999999998
0.59189000000000003
0.60062000000000004
0.60685999999999996
0.61434999999999995
0.61809000000000003
0.62182999999999999
0.62931000000000004
0.63429999999999997
0.63680000000000003
0.64054
0.64303999999999994
0.64427999999999996
0.64678000000000002
