# Urban multiple-scattering coefficient grid -- G4UrbanMscModel::ComputeCrossSectionPerAtom
# extracted by tools/g4extract from the Geant4 11.1.1 source
Zdat 15 1
4
6
13
20
26
29
32
38
47
50
56
64
74
79
82
Tdat 22 1
100
200
400
700
1
2
4
7
10
20
40
70
100
200
400
700
1
2
4
7
10
20
sig0 15 1
0.26719999999999999
0.59219999999999995
2.653
6.2350000000000003
11.69
13.24
16.120000000000001
23
35.130000000000003
39.950000000000003
50.850000000000001
67.189999999999998
91.150000000000006
104.40000000000001
113.09999999999999
hecorr 15 1
120.7
117.5
105
92.920000000000002
79.230000000000004
74.510000000000005
68.290000000000006
57.390000000000001
41.969999999999999
36.140000000000001
24.530000000000001
10.210000000000001
-7.8550000000000004
-16.84
-22.300000000000001
celectron 15 22
1.125 1.0720000000000001 1.0509999999999999 1.0469999999999999 1.0469999999999999 1.05 1.052 1.054 1.054 1.0569999999999999 1.0620000000000001 1.069 1.075 1.0900000000000001 1.105 1.111 1.1120000000000001 1.1080000000000001 1.1000000000000001 1.093 1.089 1.087
1.4079999999999999 1.246 1.143 1.0960000000000001 1.077 1.0589999999999999 1.0529999999999999 1.0509999999999999 1.052 1.0529999999999999 1.0580000000000001 1.0649999999999999 1.0720000000000001 1.087 1.101 1.1080000000000001 1.109 1.105 1.097 1.0900000000000001 1.0860000000000001 1.0820000000000001
2.8330000000000002 2.2679999999999998 1.861 1.6120000000000001 1.486 1.3089999999999999 1.204 1.1559999999999999 1.1359999999999999 1.1140000000000001 1.1060000000000001 1.1060000000000001 1.109 1.119 1.129 1.1319999999999999 1.131 1.1240000000000001 1.113 1.1040000000000001 1.099 1.0980000000000001
3.879 3.016 2.3799999999999999 2.0070000000000001 1.8180000000000001 1.5349999999999999 1.3400000000000001 1.236 1.1899999999999999 1.133 1.107 1.099 1.0980000000000001 1.103 1.1100000000000001 1.113 1.1120000000000001 1.105 1.0960000000000001 1.089 1.085 1.0980000000000001
6.9370000000000003 4.3300000000000001 2.8860000000000001 2.2559999999999998 1.9870000000000001 1.6279999999999999 1.395 1.2649999999999999 1.2030000000000001 1.1220000000000001 1.0800000000000001 1.0649999999999999 1.0609999999999999 1.0629999999999999 1.0700000000000001 1.073 1.073 1.0700000000000001 1.0640000000000001 1.0589999999999999 1.056 1.056
9.6159999999999997 5.7080000000000002 3.4239999999999999 2.5510000000000002 2.2040000000000002 1.762 1.4850000000000001 1.3300000000000001 1.256 1.155 1.099 1.077 1.0700000000000001 1.0680000000000001 1.0720000000000001 1.0740000000000001 1.0740000000000001 1.0700000000000001 1.0629999999999999 1.0589999999999999 1.056 1.052
11.720000000000001 6.3639999999999999 3.8109999999999999 2.806 2.4009999999999998 1.8839999999999999 1.5640000000000001 1.3859999999999999 1.3 1.1799999999999999 1.1120000000000001 1.0820000000000001 1.073 1.0660000000000001 1.0680000000000001 1.069 1.0680000000000001 1.0640000000000001 1.0589999999999999 1.054 1.0509999999999999 1.05
18.079999999999998 8.6010000000000009 4.569 3.1829999999999998 2.6619999999999999 2.0249999999999999 1.6459999999999999 1.4390000000000001 1.339 1.1950000000000001 1.1080000000000001 1.0680000000000001 1.0529999999999999 1.04 1.0389999999999999 1.0389999999999999 1.0389999999999999 1.0369999999999999 1.034 1.0309999999999999 1.03 1.036
18.219999999999999 10.48 5.3330000000000002 3.7130000000000001 3.1150000000000002 2.367 1.8979999999999999 1.631 1.498 1.3009999999999999 1.171 1.105 1.077 1.048 1.036 1.0329999999999999 1.0309999999999999 1.028 1.024 1.022 1.0209999999999999 1.024
14.140000000000001 10.65 5.71 3.9289999999999998 3.266 2.4529999999999998 1.9510000000000001 1.669 1.528 1.319 1.1779999999999999 1.1060000000000001 1.075 1.04 1.0269999999999999 1.022 1.02 1.0169999999999999 1.0149999999999999 1.0129999999999999 1.0129999999999999 1.02
14.109999999999999 11.73 6.3120000000000003 4.2400000000000002 3.4780000000000002 2.5659999999999998 2.0219999999999998 1.72 1.569 1.3420000000000001 1.1859999999999999 1.1020000000000001 1.0649999999999999 1.022 1.0029999999999999 0.997 0.995 0.99299999999999999 0.99299999999999999 0.99299999999999999 0.99299999999999999 1.0109999999999999
22.760000000000002 20.010000000000002 8.8350000000000009 5.2869999999999999 4.1440000000000001 2.9009999999999998 2.2189999999999999 1.855 1.677 1.4099999999999999 1.224 1.121 1.073 1.014 0.98599999999999999 0.97599999999999998 0.97399999999999998 0.97199999999999998 0.97299999999999998 0.97399999999999998 0.97499999999999998 0.98699999999999999
50.770000000000003 40.850000000000001 14.130000000000001 7.1840000000000002 5.2839999999999998 3.4350000000000001 2.52 2.0590000000000002 1.837 1.512 1.2829999999999999 1.153 1.091 1.01 0.96899999999999997 0.95399999999999996 0.94999999999999996 0.94699999999999995 0.94899999999999995 0.95199999999999996 0.95399999999999996 0.96299999999999997
65.870000000000005 59.060000000000002 15.869999999999999 7.5700000000000003 5.5670000000000002 3.6499999999999999 2.6819999999999999 2.1819999999999999 1.9390000000000001 1.579 1.325 1.1779999999999999 1.1080000000000001 1.014 0.96499999999999997 0.94699999999999995 0.94099999999999995 0.93799999999999994 0.93999999999999995 0.94399999999999995 0.94599999999999995 0.95399999999999996
55.600000000000001 47.340000000000003 15.92 7.8099999999999996 5.7549999999999999 3.7669999999999999 2.7599999999999998 2.2389999999999999 1.9850000000000001 1.609 1.343 1.1879999999999999 1.113 1.0129999999999999 0.95999999999999996 0.93899999999999995 0.93300000000000005 0.93000000000000005 0.93300000000000005 0.93600000000000005 0.93899999999999995 0.94899999999999995
cpositron 15 22
2.589 2.044 1.6579999999999999 1.446 1.347 1.2170000000000001 1.1439999999999999 1.1100000000000001 1.097 1.083 1.0800000000000001 1.0860000000000001 1.0920000000000001 1.1080000000000001 1.123 1.131 1.131 1.1259999999999999 1.117 1.1080000000000001 1.103 1.1000000000000001
3.9039999999999999 2.794 2.0790000000000002 1.71 1.5429999999999999 1.325 1.202 1.145 1.1220000000000001 1.0960000000000001 1.089 1.0920000000000001 1.0980000000000001 1.1140000000000001 1.1299999999999999 1.137 1.1379999999999999 1.1319999999999999 1.1220000000000001 1.113 1.1080000000000001 1.1020000000000001
7.9699999999999998 6.0800000000000001 4.4420000000000002 3.3980000000000001 2.8719999999999999 2.1269999999999998 1.6719999999999999 1.4510000000000001 1.357 1.246 1.194 1.179 1.1779999999999999 1.1879999999999999 1.2010000000000001 1.2050000000000001 1.2030000000000001 1.1899999999999999 1.173 1.159 1.151 1.145
9.7140000000000004 7.6070000000000002 5.7469999999999999 4.4930000000000003 3.8149999999999999 2.7770000000000001 2.0790000000000002 1.7150000000000001 1.5529999999999999 1.353 1.2529999999999999 1.2190000000000001 1.2110000000000001 1.214 1.2250000000000001 1.228 1.2250000000000001 1.21 1.1910000000000001 1.175 1.1659999999999999 1.1739999999999999
17.969999999999999 12.949999999999999 8.6280000000000001 6.0650000000000004 4.8490000000000002 3.222 2.2749999999999999 1.8200000000000001 1.6240000000000001 1.3819999999999999 1.2589999999999999 1.214 1.202 1.202 1.214 1.2190000000000001 1.2170000000000001 1.2030000000000001 1.1839999999999999 1.169 1.1599999999999999 1.151
24.829999999999998 17.059999999999999 10.84 7.3550000000000004 5.7670000000000003 3.7069999999999999 2.5459999999999998 1.996 1.7589999999999999 1.4650000000000001 1.3109999999999999 1.252 1.234 1.228 1.238 1.2410000000000001 1.2370000000000001 1.222 1.2010000000000001 1.1839999999999999 1.1739999999999999 1.159
23.260000000000002 17.149999999999999 11.52 8.0489999999999995 6.375 4.1139999999999999 2.7919999999999998 2.1549999999999998 1.8799999999999999 1.5349999999999999 1.353 1.2809999999999999 1.258 1.2470000000000001 1.254 1.256 1.252 1.234 1.212 1.194 1.1830000000000001 1.1699999999999999
22.329999999999998 18.010000000000002 12.859999999999999 9.2119999999999997 7.3360000000000003 4.702 3.117 2.3479999999999999 2.0150000000000001 1.6020000000000001 1.385 1.2969999999999999 1.268 1.2509999999999999 1.256 1.258 1.254 1.2370000000000001 1.214 1.1950000000000001 1.1850000000000001 1.179
33.909999999999997 24.129999999999999 15.710000000000001 10.800000000000001 8.5069999999999997 5.4669999999999996 3.6920000000000002 2.8079999999999998 2.407 1.873 1.5640000000000001 1.425 1.3740000000000001 1.3300000000000001 1.3240000000000001 1.3200000000000001 1.3120000000000001 1.288 1.258 1.2350000000000001 1.2210000000000001 1.2050000000000001
32.140000000000001 24.109999999999999 16.300000000000001 11.4 9.0150000000000006 5.782 3.8679999999999999 2.9169999999999998 2.4900000000000002 1.925 1.5960000000000001 1.4470000000000001 1.391 1.3420000000000001 1.3320000000000001 1.327 1.3200000000000001 1.294 1.264 1.24 1.226 1.214
29.510000000000002 24.07 17.190000000000001 12.279999999999999 9.766 6.2380000000000004 4.1120000000000001 3.0659999999999998 2.6019999999999999 1.9950000000000001 1.641 1.4770000000000001 1.4139999999999999 1.3560000000000001 1.3420000000000001 1.3360000000000001 1.3280000000000001 1.302 1.27 1.2450000000000001 1.2310000000000001 1.2330000000000001
38.189999999999998 30.850000000000001 21.760000000000002 15.35 12.07 7.5209999999999999 4.8120000000000003 3.4980000000000002 2.9260000000000002 2.1880000000000002 1.7629999999999999 1.5629999999999999 1.484 1.405 1.3819999999999999 1.371 1.361 1.3300000000000001 1.294 1.2669999999999999 1.2509999999999999 1.2390000000000001
49.710000000000001 39.799999999999997 27.960000000000001 19.629999999999999 15.359999999999999 9.407 5.8630000000000004 4.1550000000000002 3.4169999999999998 2.4780000000000002 1.944 1.6919999999999999 1.589 1.48 1.4410000000000001 1.423 1.409 1.3720000000000001 1.3300000000000001 1.298 1.28 1.258
59.25 45.079999999999998 30.359999999999999 20.829999999999998 16.149999999999999 9.8339999999999996 6.1660000000000004 4.407 3.641 2.6480000000000001 2.0640000000000001 1.7789999999999999 1.661 1.5309999999999999 1.482 1.4590000000000001 1.4419999999999999 1.3999999999999999 1.3540000000000001 1.319 1.2989999999999999 1.272
56.380000000000003 44.289999999999999 30.5 21.18 16.510000000000002 10.109999999999999 6.3540000000000001 4.5419999999999998 3.7519999999999998 2.7240000000000002 2.1160000000000001 1.8169999999999999 1.6919999999999999 1.554 1.4990000000000001 1.474 1.456 1.4119999999999999 1.3640000000000001 1.3280000000000001 1.3069999999999999 1.282
